1 1 116 0 0.523124342  
1 2 118 0 0.505708562  
1 3 153 0.18475213 0.505708562  
1 4 155 0.429510515 0.505708562  
1 5 156 0.762226554 0.489092427  
1 6 158 1.095555586 0.489092427  
1 7 159 1.43 0.489092427  
1 8 157 1.762222222 10.61717972  
1 9 152 1.994 10.61717972  
1 10 145 1.694 10.61717972  
1 11 140 1.394 26.84107268  
1 12 140 1.094 26.84107268  
1 13 142 0.794 26.84107268  
1 14 147 0.494 41.38651618  
1 15 160 0 41.38651618  
1 16 178 0 41.38651618  
1 17 196 0 51.66744746  
1 18 210 0 51.66744746  
1 19 217 0 51.66744746  
1 20 217 0 57.22190571  
1 21 211 0 57.22190571  
1 22 206 0 57.22190571  
1 23 203 0 58.66786395  
1 24 205 0 58.66786395  
1 25 212 0 58.66786395  
1 26 222 0 57.0737483  
1 27 236 0 57.0737483  
1 28 250 0 57.0737483  
1 29 262 0 53.54040187  
1 30 270 0 53.54040187  
1 31 276 0 53.54040187  
1 32 277 0 55.08940787  
1 33 275 0 55.08940787  
1 34 267 0 55.08940787  
1 35 268 0 59.68161848  
1 36 261 0 59.68161848  
1 37 252 0 59.68161848  
1 38 241 0 62.78557959  
1 39 235 0 62.78557959  
1 40 233 0 62.78557959  
1 41 232 0 63.12156359  
1 42 231 0 63.12156359  
1 43 226 0 63.12156359  
1 44 220 0 60.81782365  
1 45 215 0 60.81782365  
1 46 206 0 60.81782365  
1 47 201 0 56.61953882  
1 48 205 0 56.61953882  
1 49 205 0 56.61953882  
1 50 206 0 51.38725475  
1 51 202 0 51.38725475  
1 52 202 0 51.38725475  
1 53 206 0 45.82909848  
1 54 211 0 45.82909848  
1 55 219 0.264755498 45.82909848  
1 56 224 0.590056372 40.42027239  
1 57 221 0.923333726 40.42027239  
1 58 210 1.256666669 40.42027239  
1 59 198 1.59 35.42678096  
1 60 191 1.923333333 35.42678096  
1 61 187 1.924 35.42678096  
1 62 185 1.624 38.71669961  
1 63 173 1.324 38.71669961  
1 64 167 1.024 38.71669961  
1 65 152 0.724 47.01261573  
1 66 136 0.424 47.01261573  
1 67 113 0 47.01261573  
1 68 103 0.185658281 54.12181971  
1 69 103 0.472548166 54.12181971  
1 70 94 0.805557827 54.12181971  
1 71 97 1.138888905 58.02992186  
1 72 101 1.472222222 58.02992186  
1 73 108 0.184398818 58.02992186  
1 74 116 0.430611421 58.54410507  
1 75 118 0.763337595 58.54410507  
1 76 129 1.096666697 58.54410507  
1 77 126 1.43 56.34758596  
1 78 138 1.763333334 56.34758596  
1 79 153 2.068 56.34758596  
1 80 166 1.768 56.45873416  
1 81 173 1.468 56.45873416  
1 82 176 1.168 56.45873416  
1 83 179 0.868 57.87970439  
1 84 187 0.568 57.87970439  
1 85 200 0 57.87970439  
1 86 214 0 57.88743636  
1 87 224 0 57.88743636  
1 88 227 0 57.88743636  
1 89 226 0 55.90351203  
1 90 223 0 55.90351203  
1 91 223 0 55.90351203  
1 92 225 0 52.24703126  
1 93 236 0 52.24703126  
1 94 229 0 52.24703126  
1 95 225 0 47.56808241  
1 96 219 0 47.56808241  
1 97 218 0 47.56808241  
1 98 213 0 42.50386547  
1 99 206 0 42.50386547  
1 100 204 0 42.50386547  
1 101 201 0 37.52255193  
1 102 204 0 37.52255193  
1 103 204 0 37.52255193  
1 104 204 0 32.9014524  
1 105 203 0 32.9014524  
1 106 201 0 32.9014524  
1 107 202 0 28.7676255  
1 108 205 0 28.7676255  
1 109 213 0 28.7676255  
1 110 223 0 25.15087566  
1 111 221 0 25.15087566  
1 112 224 0 25.15087566  
1 113 224 0 22.02708315  
1 114 202 0 22.02708315  
1 115 201 0 22.02708315  
1 116 202 0 19.3471934  
1 117 192 0 19.3471934  
1 118 185 0 19.3471934  
1 119 177 0 17.05426356  
1 120 177 0 17.05426356  
1 121 178 0 17.05426356  
1 122 180 0 15.09242223  
1 123 185 0 15.09242223  
1 124 190 0 15.09242223  
1 125 193 0 13.41096188  
1 126 196 0 13.41096188  
1 127 199 0 13.41096188  
1 128 202 0 11.96574547  
1 129 203 0 11.96574547  
1 130 201 0 11.96574547  
1 131 197 0 10.71925159  
1 132 196 0 10.71925159  
1 133 201 0 10.71925159  
1 134 210 0 9.640005065  
1 135 217 0 9.640005065  
1 136 220 0 9.640005065  
1 137 220 0 8.701789137  
1 138 220 0 8.701789137  
1 139 220 0 8.701789137  
1 140 219 0 7.882835563  
1 141 215 0 7.882835563  
1 142 213 0 7.882835563  
1 143 209 0 7.165080504  
1 144 204 0 7.165080504  
1 145 201 0 7.165080504  
1 146 199 0 6.533517899  
1 147 199 0 6.533517899  
1 148 195 0 6.533517899  
1 149 192 0 5.481059463  
1 150 188 0 5.481059463  
1 151 183 0 5.481059463  
1 152 179 0 12.54116394  
1 153 176 0 12.54116394  
1 154 171 0 12.54116394  
1 155 166 0 11.00217606  
1 156 163 0 11.00217606  
1 157 160 0 11.00217606  
1 158 155 0 9.690790686  
1 159 151 0 9.690790686  
1 160 147 0 9.690790686  
1 161 146 0 8.571633696  
1 162 153 0 8.571633696  
1 163 151 0 8.571633696  
1 164 150 0 7.613952431  
1 165 149 0 7.613952431  
1 166 149 0 7.613952431  
1 167 149 0 6.791644755  
1 168 148 0 6.791644755  
1 169 146 0 6.791644755  
1 170 146 0 6.082856977  
1 171 145 0 6.082856977  
1 172 144 0 6.082856977  
1 173 143 0 5.469428265  
1 174 141 0 5.469428265  
1 175 140 0 5.469428265  
1 176 139 0 4.936319247  
1 177 137 0 4.936319247  
1 178 135 0 4.936319247  
1 179 134 0 4.471086717  
1 180 134 0 4.471086717  
1 181 133 0 4.471086717  
1 182 133 0 4.063427012  
1 183 133 0 4.063427012  
1 184 133 0 4.063427012  
1 185 132 0 3.704791292  
1 186 130 0 3.704791292  
1 187 129 0 3.704791292  
1 188 128 0 3.388067232  
1 189 128 0 3.388067232  
1 190 126 0 3.388067232  
1 191 126 0 3.107318456  
1 192 125 0 3.107318456  
1 193 123 0 3.107318456  
1 194 121 0 2.857572477  
1 195 119 0 2.857572477  
1 196 117 0 2.857572477  
1 197 117 0 2.634648607  
1 198 115 0 2.634648607  
1 199 114 0 2.634648607  
1 200 113 0 2.4350184  
1 201 113 0 2.4350184  
1 202 114 0 2.4350184  
1 203 115 0 2.2556924  
1 204 115 0 2.2556924  
1 205 116 0 2.2556924  
1 206 117 0 2.094128083  
1 207 117 0 2.094128083  
1 208 115 0 2.094128083  
1 209 113 0 1.948154858  
1 210 109 0 1.948154858  
1 211 108 0 1.948154858  
1 212 107 0 1.815912785  
1 213 108 0 1.815912785  
1 214 111 0 1.815912785  
1 215 113 0 1.69580235  
1 216 113 0 1.69580235  
1 217 112 0 1.69580235  
1 218 111 0 1.586443167  
1 219 110 0 1.586443167  
1 220 109 0 1.586443167  
1 221 109 0 1.486639897  
1 222 110 0 1.486639897  
1 223 109 0 1.486639897  
1 224 111 0 1.395354031  
1 225 111 0 1.395354031  
1 226 107 0 1.395354031  
1 227 112 0 1.311680438  
1 228 115 0 1.311680438  
1 229 115 0 1.311680438  
1 230 113 0 1.234827809  
1 231 112 0 1.234827809  
1 232 112 0 1.234827809  
1 233 109 0 1.164102294  
1 234 105 0 1.164102294  
1 235 104 0 1.164102294  
1 236 98 0 1.098893759  
1 237 95 0 1.098893759  
1 238 108 0 1.098893759  
1 239 104 0 1.038664208  
1 240 104 0 1.038664208  
1 241 109 0 1.038664208  
1 242 109 0 0.982937995  
1 243 110 0 0.982937995  
1 244 108 0 0.982937995  
1 245 109 0 0.93129352  
1 246 109 0 0.93129352  
1 247 107 0 0.93129352  
1 248 106 0 0.883356172  
1 249 104 0 0.883356172  
1 250 103 0 0.883356172  
1 251 99 0.534573429 0.838792295  
1 252 96 0.867778677 0.838792295  
1 253 96 1.201111118 0.797304036  
1 254 96 1.534444444 0.797304036  
1 255 94 1.867777778 0.797304036  
1 256 89 2.004 0.758624914  
1 257 85 1.704 0.758624914  
1 258 84 1.404 0.758624914  
1 259 83 1.104 0.722516006  
1 260 81 0.804 0.722516006  
1 261 79 0.504 0.722516006  
1 262 82 0 0.68876266  
1 263 85 0 0.68876266  
1 264 85 0 0.68876266  
1 265 89 0 0.657171647  
1 266 92 0 0.657171647  
1 267 92 0 0.657171647  
1 268 94 0 0.627568686  
1 269 93 0 0.627568686  
1 270 91 0 0.627568686  
1 271 89 0 0.599796301  
1 272 83 0 0.599796301  
1 273 79 0 0.599796301  
1 274 80 0 0.573711943  
1 275 79 0 0.573711943  
1 276 78 0 0.573711943  
1 277 77 0 0.549186351  
1 278 78 0 0.549186351  
1 279 76 0 0.549186351  
1 280 73 0 0.52610212  
2 1 137 1.117 21.87200992  
2 2 132 0.873705721 21.87200992  
2 3 130 0.277633754 21.87200992  
2 4 130 0.604489902 27.36365275  
2 5 135 0.937778095 27.36365275  
2 6 136 1.271111113 27.36365275  
2 7 136 1.604444445 35.50040368  
2 8 146 2 35.50040368  
2 9 142 1.896 35.50040368  
2 10 151 1.596 44.00467354  
2 11 164 1.296 44.00467354  
2 12 176 0.996 44.00467354  
2 13 183 0.695 49.28915102  
2 14 184 0.396 49.28915102  
2 15 184 0 49.28915102  
2 16 183 0 50.82934476  
2 17 184 0 50.82934476  
2 18 185 0 50.82934476  
2 19 193 0 49.30101502  
2 20 200 0 49.30101502  
2 21 210 0 49.30101502  